$ 1 0.000005 10.20027730826997 50 5 50 5e-11
v 576 416 576 320 0 0 40 48 0 0 0.5
162 272 320 176 320 2 default-led 1 0 0 0.01
r 512 432 416 432 0 200
162 416 432 336 432 2 default-led 1 0 0 0.01
w 176 320 176 464 0
w 176 464 496 464 0
w 576 416 576 464 0
w 496 464 528 464 0
w 528 464 576 464 0
s 576 320 512 320 0 1 false
w 336 432 336 464 0
w 336 464 336 544 0
w 336 544 512 544 0
w 512 544 608 544 0
w 608 544 608 416 0
w 512 320 512 288 0
c 336 384 512 384 4 0.000049999999999999996 -1.2027601202974243 0.001 0.1
w 336 384 336 432 0
w 512 384 512 432 0
w 512 288 448 288 0
d 512 320 512 384 2 default
r 272 320 336 320 0 250
c 336 288 176 288 4 0.000024999999999999998 1.1221064665954008 0.001 0.1
w 416 288 336 288 0
w 336 288 336 320 0
w 176 288 176 320 0
d 448 288 416 288 2 default
d 512 288 512 224 2 default
c 544 272 656 272 4 0.00015 1.3314213239485693 0.001 0
162 592 224 656 224 2 default-led 1 0 0 0.01
r 544 224 592 224 0 100
w 656 224 656 272 0
w 544 224 544 272 0
w 576 416 608 416 0
w 512 224 544 224 0
w 656 272 656 416 0
w 656 416 608 416 0
